0.0 0.12 0.17 0.08 0.21 0.17 0.04 0.21 0.0 0.0 0.0          	  #0
0.0 0.0 1.0 0.0 0.0 0.0 0.0 0.0 0.0 0.0 0.0               #1
0.0 0.0 0.0 0.198 0.495 0.297 0.0 0.0 0.002 0.005 0.003               #2
0.0 0.0 0.0 0.0 0.0 0.0 0.7 0.3 0.0 0.0 0.0               #3
0.0 0.0 0.0 0.0 0.0 0.0 0.5 0.5 0.0 0.0 0.0               #4
0.0 0.0 0.0 0.0 0.0 0.0 0.2 0.8 0.0 0.0 0.0               #5
0.0 0.0 0.0 0.0 0.0 0.0 0.5 0.5 0.0 0.0 0.0               #6
1.0 0.0 0.0 0.0 0.0 0.0 0.0 0.0 0.0 0.0 0.0               #7
0.0 0.0 0.0 1.0 0.0 0.0 0.0 0.0 0.0 0.0 0.0               #F3
0.0 0.0 0.0 0.0 1.0 0.0 0.0 0.0 0.0 0.0 0.0               #F4
0.0 0.0 0.0 0.0 0.0 1.0 0.0 0.0 0.0 0.0 0.0               #F